6 (6  )
16 16
45 (45  )
37 37
6 6
57 57
0 -3 != (92    )  ==  (  36   ) /  ( - 85)
4294967232 - 64
52 52 
55 (55   )
66 66
35 35 
4294967226 - 70
77 (  ( ( ( 77 )) ) )
17 17 
4294967210 - 86
4294967234 -62
4 (  4)
4294967235 -  61
4294967293 -  3
61 (  61 )
59 59
4294967242 -  54
17 17
4294967275 ( ( -  21) )
82 82  
22 22 
65 65
4294967254 (- 42 )
93 ( (30+ 63  ) )
16 16
31 31
19 (19    )
66 ( ( 66)  )
95 (95   )
48 48
4294967265 - 31
58 (58  )
79 (79   )
4294967200 -  96
4294967274 -22
4294967262 -  34
19 19
14 14
4294967240 -56
82 (  82)
37 37  
56 56  
4294967199 ( ( (- 97)) )
1 (  2  )!= ( ( (  60 )  ) )  <=  60 
0 (  37== 79 <=(  51) )
12 (  12)
22 22
4294967249 (  -47)
86 86
86 (  36  ) /0!=(69 )
17 17
1 -  33  * (- 71  ) *-  59&&  12  
65 65
64 64
15 (  15    )
0 63 == 77
4294967258 ( -38 )
75 75 
78 78
91 91
78 78
31 31  
4294967217 ( -79)
80 80
20 ( 20  )
4294967294 ( (-2 ))
4294967241 -55
45 45  
67 67 
35 35 
4294967255 -  41